Rk	team	PAKE	PASE	Wins	Loss	W%	R64	R32	S16	E8	F4	F2	Champ	Top2	F4%	Champ%
1	Connecticut	15.1	16.9	46	12	0.793	17	13	9	8	6	5	5	6	96.1%	62.2%
2	North Carolina	14.0	11.0	57	18	0.760	21	19	13	10	7	5	3	12	99.3%	71.0%
3	Michigan St.	13.2	16.5	53	23	0.697	24	19	14	10	7	2	1	7	98.3%	61.1%
4	Florida	10.6	13.3	45	16	0.738	19	15	9	9	5	4	3	5	97.5%	63.3%
5	UCLA	10.3	11.5	36	17	0.679	17	15	12	4	4	1	0	4	88.7%	38.6%
6	Butler	9.2	11.0	22	13	0.629	13	11	5	2	2	2	0	0	43.7%	6.7%
7	Syracuse	9.0	7.2	32	15	0.681	16	13	10	4	3	1	1	2	80.9%	27.7%
8	Michigan	7.8	8.4	26	12	0.684	12	10	8	4	2	2	0	3	77.0%	26.8%
9	Oregon	7.1	6.2	23	14	0.622	14	12	7	4	1	0	0	2	58.4%	11.6%
10	Kentucky	5.2	5.2	48	21	0.696	22	19	13	9	4	2	1	10	99.2%	72.7%
11	Villanova	5.0	3.8	34	14	0.708	16	13	8	5	4	2	2	8	95.2%	59.2%
12	Kansas	5.0	-2.0	59	23	0.720	25	22	14	11	6	4	2	15	99.8%	82.0%
13	Miami FL	4.5	3.2	14	9	0.609	9	6	5	2	1	0	0	1	33.3%	5.1%
14	Xavier	3.8	3.0	24	17	0.585	17	13	8	3	0	0	0	2	62.5%	11.6%
15	Loyola Chicago	3.4	4.0	6	3	0.667	3	2	2	1	1	0	0	0	9.5%	1.2%
16	Gonzaga	3.4	4.3	44	25	0.638	25	22	13	5	2	2	0	7	98.5%	70.9%
17	Maryland	3.3	3.9	25	14	0.641	15	14	5	2	2	1	1	1	81.8%	28.6%
18	Florida Atlantic	2.7	2.6	4	3	0.571	3	1	1	1	1	0	0	0	3.4%	0.4%
19	Saint Peter's	2.6	2.6	3	3	0.500	3	1	1	1	0	0	0	0	0.2%	0.0%
20	George Mason	2.5	3.0	5	4	0.556	4	2	1	1	1	0	0	0	9.1%	1.2%
21	Ohio	2.5	3.1	4	4	0.500	4	3	1	0	0	0	0	0	2.1%	0.1%
22	N.C. State	2.4	4.0	13	12	0.520	12	7	4	1	1	0	0	0	35.1%	6.1%
23	Arkansas	2.1	2.2	13	12	0.520	12	7	4	2	0	0	0	0	27.2%	3.2%
24	Tulsa	1.9	3.1	5	4	0.556	4	3	1	1	0	0	0	0	13.2%	3.2%
25	Oregon St.	1.9	1.6	3	2	0.600	2	1	1	1	0	0	0	0	2.3%	0.1%
Rk	team	PAKE	PASE	Wins	Loss	W%	R64	R32	S16	E8	F4	F2	Champ	Top2	F4%	Champ%
26	South Carolina	1.6	1.4	4	3	0.571	3	1	1	1	1	0	0	0	6.3%	0.6%
27	Wisconsin	1.6	5.3	36	23	0.610	23	18	10	4	3	1	0	3	91.5%	39.9%
28	West Virginia	1.6	2.9	19	13	0.594	13	9	7	2	1	0	0	1	68.8%	19.1%
29	La Salle	1.5	1.8	2	1	0.667	1	1	1	0	0	0	0	0	0.8%	0.0%
30	Florida Gulf Coast	1.5	1.7	2	3	0.400	3	1	1	0	0	0	0	0	0.2%	0.0%
31	Kansas St.	1.4	0.3	12	10	0.545	10	6	3	3	0	0	0	1	42.7%	8.1%
32	UAB	1.4	1.0	4	6	0.400	6	3	1	0	0	0	0	0	3.8%	0.2%
33	Bradley	1.3	1.7	2	2	0.500	2	1	1	0	0	0	0	0	2.5%	0.2%
34	Florida St.	1.3	1.2	11	8	0.579	8	6	4	1	0	0	0	0	34.1%	4.6%
35	Texas Tech	1.2	3.4	17	11	0.607	11	7	5	3	1	1	0	0	66.6%	22.3%
36	Milwaukee	1.2	1.2	3	4	0.429	4	2	1	0	0	0	0	0	3.1%	0.3%
37	Dayton	1.1	-1.4	6	9	0.400	9	4	1	1	0	0	0	0	7.7%	0.3%
38	Cornell	1.1	1.2	2	3	0.400	3	1	1	0	0	0	0	0	2.0%	0.1%
39	Middle Tennessee	1.1	1.4	2	2	0.500	2	2	0	0	0	0	0	0	1.6%	0.1%
40	Georgia St.	1.0	0.9	2	5	0.286	5	2	0	0	0	0	0	0	0.3%	0.0%
41	Alabama	1.0	-0.2	17	12	0.586	12	8	5	3	1	0	0	4	67.5%	21.1%
42	Fairleigh Dickinson	1.0	1.0	1	3	0.250	3	1	0	0	0	0	0	0	0.0%	0.0%
43	Penn St.	0.9	0.9	3	3	0.500	3	2	1	0	0	0	0	0	4.9%	0.3%
44	Northwestern	0.9	0.8	3	3	0.500	3	3	0	0	0	0	0	0	3.7%	0.4%
45	Princeton	0.9	0.9	2	5	0.286	5	1	1	0	0	0	0	0	0.7%	0.0%
46	UMBC	0.9	0.9	1	2	0.333	2	1	0	0	0	0	0	0	0.0%	0.0%
47	Norfolk St.	0.8	0.9	1	4	0.200	4	1	0	0	0	0	0	0	0.0%	0.0%
48	Auburn	0.8	2.0	14	8	0.636	8	7	3	2	2	0	0	2	71.2%	23.7%
49	Mercer	0.8	0.8	1	1	0.500	1	1	0	0	0	0	0	0	0.1%	0.0%
50	Duke	0.8	-1.0	61	21	0.744	24	21	18	10	6	3	3	18	99.9%	91.8%
Rk	team	PAKE	PASE	Wins	Loss	W%	R64	R32	S16	E8	F4	F2	Champ	Top2	F4%	Champ%
51	Richmond	0.8	0.4	3	4	0.429	4	2	1	0	0	0	0	0	5.1%	0.4%
52	Kent St.	0.8	1.6	4	6	0.400	6	2	1	1	0	0	0	0	8.3%	1.2%
53	Oral Roberts	0.8	1.0	2	5	0.286	5	1	1	0	0	0	0	0	0.9%	0.0%
54	Marshall	0.7	0.8	1	1	0.500	1	1	0	0	0	0	0	0	0.1%	0.0%
55	Georgia Tech	0.7	1.5	7	6	0.538	6	3	1	1	1	1	0	0	33.2%	6.1%
56	Rhode Island	0.7	0.5	2	2	0.500	2	2	0	0	0	0	0	0	2.2%	0.1%
57	Washington	0.7	0.1	9	7	0.562	7	6	3	0	0	0	0	1	35.0%	5.8%
58	Abilene Christian	0.7	0.7	1	2	0.333	2	1	0	0	0	0	0	0	0.1%	0.0%
59	Furman	0.7	0.8	1	1	0.500	1	1	0	0	0	0	0	0	0.2%	0.0%
60	Duquesne	0.6	0.3	1	1	0.500	1	1	0	0	0	0	0	0	0.1%	0.0%
61	Western Kentucky	0.6	0.9	3	8	0.273	8	2	1	0	0	0	0	0	3.7%	0.1%
62	Northwestern St.	0.6	0.7	1	3	0.250	3	1	0	0	0	0	0	0	0.2%	0.0%
63	Hampton	0.6	0.8	1	5	0.167	5	1	0	0	0	0	0	0	0.1%	0.0%
64	Yale	0.5	0.7	2	5	0.286	5	2	0	0	0	0	0	0	3.2%	0.2%
65	Baylor	0.5	-0.8	21	12	0.636	13	10	5	3	1	1	1	2	82.7%	33.7%
66	James Madison	0.5	0.5	1	2	0.333	2	1	0	0	0	0	0	0	0.2%	0.0%
67	UC Irvine	0.5	0.5	1	2	0.333	2	1	0	0	0	0	0	0	0.2%	0.0%
68	Central Michigan	0.5	0.3	1	1	0.500	1	1	0	0	0	0	0	0	0.4%	0.0%
69	Little Rock	0.5	0.5	1	1	0.500	1	1	0	0	0	0	0	0	0.9%	0.1%
70	Lehigh	0.5	0.9	1	2	0.333	2	1	0	0	0	0	0	0	0.6%	0.0%
71	USC	0.4	0.7	10	10	0.500	10	5	3	2	0	0	0	0	29.8%	5.0%
72	North Texas	0.4	0.6	1	3	0.250	3	1	0	0	0	0	0	0	0.2%	0.0%
73	Morehead St.	0.4	0.4	1	4	0.200	4	1	0	0	0	0	0	0	0.1%	0.0%
74	Siena	0.4	0.9	2	4	0.333	4	2	0	0	0	0	0	0	1.8%	0.0%
75	Wyoming	0.4	-0.2	1	2	0.333	2	1	0	0	0	0	0	0	0.5%	0.0%
Rk	team	PAKE	PASE	Wins	Loss	W%	R64	R32	S16	E8	F4	F2	Champ	Top2	F4%	Champ%
76	Pacific	0.4	0.4	2	4	0.333	4	2	0	0	0	0	0	0	3.0%	0.2%
77	Cleveland St.	0.4	0.7	1	2	0.333	2	1	0	0	0	0	0	0	1.2%	0.1%
78	Louisville	0.3	3.0	28	15	0.651	16	10	7	6	3	1	1	3	94.1%	52.6%
79	Rutgers	0.3	0.4	1	1	0.500	1	1	0	0	0	0	0	0	1.6%	0.1%
80	Oakland	0.3	0.4	1	4	0.200	4	1	0	0	0	0	0	0	0.6%	0.0%
81	Indiana St.	0.3	0.1	1	3	0.250	3	1	0	0	0	0	0	0	0.4%	0.0%
82	San Diego	0.2	0.5	1	2	0.333	2	1	0	0	0	0	0	0	0.6%	0.0%
83	Harvard	0.2	0.6	2	4	0.333	4	2	0	0	0	0	0	0	3.7%	0.2%
84	Stephen F. Austin	0.1	0.5	2	5	0.286	5	2	0	0	0	0	0	0	4.6%	0.3%
85	Nevada	0.1	-0.1	6	8	0.429	8	4	2	0	0	0	0	0	16.0%	1.6%
86	Grand Canyon	0.1	-0.0	1	4	0.200	4	1	0	0	0	0	0	0	0.7%	0.0%
87	Notre Dame	0.1	-1.0	14	13	0.519	13	9	3	2	0	0	0	1	45.4%	7.9%
88	Mississippi	0.1	-0.4	5	6	0.455	6	3	2	0	0	0	0	0	12.6%	0.9%
89	South Florida	0.1	0.5	1	1	0.500	1	1	0	0	0	0	0	0	3.5%	0.3%
90	Bucknell	0.1	0.0	2	6	0.250	6	2	0	0	0	0	0	0	3.0%	0.2%
91	McNeese St.	0.1	-0.2	1	3	0.250	3	1	0	0	0	0	0	0	0.6%	0.0%
92	North Dakota St.	0.1	0.2	1	4	0.200	4	1	0	0	0	0	0	0	1.0%	0.0%
93	Wichita St.	0.0	1.3	11	8	0.579	8	6	3	1	1	0	0	1	50.0%	14.0%
94	UCF	0.0	0.1	1	3	0.250	3	1	0	0	0	0	0	0	2.4%	0.1%
95	Purdue	0.0	0.4	28	18	0.609	18	14	9	3	1	1	0	3	88.3%	33.6%
96	Arkansas Pine Bluff	0.0	-0.0	0	1	0.000	1	0	0	0	0	0	0	0	0.0%	0.0%
97	North Carolina A&T	0.0	-0.0	0	1	0.000	1	0	0	0	0	0	0	0	0.0%	0.0%
98	Delaware St.	0.0	-0.0	0	1	0.000	1	0	0	0	0	0	0	0	0.0%	0.0%
99	Florida A&M	0.0	-0.0	0	1	0.000	1	0	0	0	0	0	0	0	0.0%	0.0%
100	UT Arlington	0.0	-0.0	0	1	0.000	1	0	0	0	0	0	0	0	0.0%	0.0%
Rk	team	PAKE	PASE	Wins	Loss	W%	R64	R32	S16	E8	F4	F2	Champ	Top2	F4%	Champ%
101	Mississippi Valley St.	0.0	-0.0	0	1	0.000	1	0	0	0	0	0	0	0	0.0%	0.0%
102	Grambling St.	-0.0	-0.0	0	1	0.000	1	0	0	0	0	0	0	0	0.0%	0.0%
103	SIU Edwardsville	-0.0	-0.0	0	1	0.000	1	0	0	0	0	0	0	0	0.0%	0.0%
104	South Carolina St.	-0.0	-0.0	0	2	0.000	2	0	0	0	0	0	0	0	0.0%	0.0%
105	Wagner	-0.0	-0.1	0	2	0.000	2	0	0	0	0	0	0	0	0.0%	0.0%
106	Stetson	-0.0	-0.0	0	1	0.000	1	0	0	0	0	0	0	0	0.0%	0.0%
107	UC Davis	-0.0	-0.0	0	1	0.000	1	0	0	0	0	0	0	0	0.0%	0.0%
108	Jackson St.	-0.0	-0.0	0	2	0.000	2	0	0	0	0	0	0	0	0.0%	0.0%
109	Lamar	-0.0	-0.0	0	1	0.000	1	0	0	0	0	0	0	0	0.0%	0.0%
110	Gardner Webb	-0.0	-0.0	0	1	0.000	1	0	0	0	0	0	0	0	0.0%	0.0%
111	Hartford	-0.0	-0.0	0	1	0.000	1	0	0	0	0	0	0	0	0.0%	0.0%
112	Alabama St.	-0.0	-0.0	0	3	0.000	3	0	0	0	0	0	0	0	0.0%	0.0%
113	Radford	-0.0	-0.0	0	2	0.000	2	0	0	0	0	0	0	0	0.0%	0.0%
114	Eastern Illinois	-0.0	-0.1	0	1	0.000	1	0	0	0	0	0	0	0	0.0%	0.0%
115	Pepperdine	-0.1	-0.3	1	2	0.333	2	1	0	0	0	0	0	0	1.9%	0.1%
116	LSU	-0.1	0.2	10	9	0.526	9	5	3	1	1	0	0	0	41.2%	7.5%
117	Lafayette	-0.1	-0.1	0	2	0.000	2	0	0	0	0	0	0	0	0.0%	0.0%
118	Howard	-0.1	-0.0	0	1	0.000	1	0	0	0	0	0	0	0	0.0%	0.0%
119	Drexel	-0.1	-0.0	0	1	0.000	1	0	0	0	0	0	0	0	0.0%	0.0%
120	Liberty	-0.1	-0.3	1	4	0.200	4	1	0	0	0	0	0	0	0.5%	0.0%
121	Bryant	-0.1	-0.1	0	1	0.000	1	0	0	0	0	0	0	0	0.0%	0.0%
122	Murray St.	-0.1	-0.0	4	8	0.333	8	4	0	0	0	0	0	0	7.0%	0.3%
123	North Dakota	-0.1	-0.1	0	1	0.000	1	0	0	0	0	0	0	0	0.0%	0.0%
124	Houston	-0.1	2.4	19	8	0.704	8	7	6	3	2	1	0	4	95.0%	59.8%
125	Manhattan	-0.1	0.1	1	3	0.250	3	1	0	0	0	0	0	0	1.7%	0.1%
Rk	team	PAKE	PASE	Wins	Loss	W%	R64	R32	S16	E8	F4	F2	Champ	Top2	F4%	Champ%
126	Coastal Carolina	-0.1	-0.0	0	2	0.000	2	0	0	0	0	0	0	0	0.0%	0.0%
127	Cal Poly	-0.1	-0.0	0	1	0.000	1	0	0	0	0	0	0	0	0.0%	0.0%
128	Loyola MD	-0.1	-0.1	0	1	0.000	1	0	0	0	0	0	0	0	0.0%	0.0%
129	Northern Colorado	-0.1	-0.1	0	1	0.000	1	0	0	0	0	0	0	0	0.0%	0.0%
130	Detroit Mercy	-0.1	-0.1	0	1	0.000	1	0	0	0	0	0	0	0	0.2%	0.0%
131	UTSA	-0.1	-0.0	0	2	0.000	2	0	0	0	0	0	0	0	0.0%	0.0%
132	Binghamton	-0.1	-0.1	0	1	0.000	1	0	0	0	0	0	0	0	0.0%	0.0%
133	IU Indy	-0.1	-0.0	0	1	0.000	1	0	0	0	0	0	0	0	0.0%	0.0%
134	Nebraska Omaha	-0.1	-0.1	0	1	0.000	1	0	0	0	0	0	0	0	0.0%	0.0%
135	Longwood	-0.1	-0.2	0	2	0.000	2	0	0	0	0	0	0	0	0.0%	0.0%
136	Buffalo	-0.1	0.0	2	4	0.333	4	2	0	0	0	0	0	0	1.9%	0.1%
137	Texas Southern	-0.1	-0.2	0	5	0.000	5	0	0	0	0	0	0	0	0.0%	0.0%
138	Mount St. Mary's	-0.1	-0.0	0	3	0.000	3	0	0	0	0	0	0	0	0.0%	0.0%
139	Appalachian St.	-0.2	-0.2	0	1	0.000	1	0	0	0	0	0	0	0	0.0%	0.0%
140	San Diego St.	-0.2	0.2	13	13	0.500	13	6	4	1	1	1	0	1	48.1%	10.5%
141	Arizona	-0.2	-2.2	36	21	0.632	21	15	13	6	1	1	0	9	97.2%	55.9%
142	Washington St.	-0.2	-0.3	4	3	0.571	3	3	1	0	0	0	0	0	19.4%	2.4%
143	Northern Kentucky	-0.2	-0.3	0	3	0.000	3	0	0	0	0	0	0	0	0.0%	0.0%
144	Texas A&M	-0.2	0.6	12	11	0.522	11	9	3	0	0	0	0	0	49.2%	9.8%
145	High Point	-0.2	-0.2	0	1	0.000	1	0	0	0	0	0	0	0	0.0%	0.0%
146	Lipscomb	-0.2	-0.3	0	2	0.000	2	0	0	0	0	0	0	0	0.0%	0.0%
147	Southern Illinois	-0.2	-0.0	5	6	0.455	6	3	2	0	0	0	0	0	16.5%	2.2%
148	Boston University	-0.2	-0.0	0	2	0.000	2	0	0	0	0	0	0	0	0.0%	0.0%
149	Cal St. Bakersfield	-0.2	-0.1	0	1	0.000	1	0	0	0	0	0	0	0	0.4%	0.0%
150	Southern	-0.2	-0.0	0	2	0.000	2	0	0	0	0	0	0	0	0.0%	0.0%
Rk	team	PAKE	PASE	Wins	Loss	W%	R64	R32	S16	E8	F4	F2	Champ	Top2	F4%	Champ%
151	Green Bay	-0.2	-0.2	0	1	0.000	1	0	0	0	0	0	0	0	0.2%	0.0%
152	Morgan St.	-0.2	-0.2	0	2	0.000	2	0	0	0	0	0	0	0	0.0%	0.0%
153	Southeastern Louisiana	-0.2	-0.1	0	1	0.000	1	0	0	0	0	0	0	0	0.1%	0.0%
154	Stony Brook	-0.2	-0.2	0	1	0.000	1	0	0	0	0	0	0	0	0.2%	0.0%
155	Southeast Missouri St.	-0.2	-0.2	0	1	0.000	1	0	0	0	0	0	0	0	0.1%	0.0%
156	Southern Utah	-0.2	-0.2	0	1	0.000	1	0	0	0	0	0	0	0	0.0%	0.0%
157	Jacksonville St.	-0.2	-0.2	0	2	0.000	2	0	0	0	0	0	0	0	0.0%	0.0%
158	Monmouth	-0.2	-0.1	0	3	0.000	3	0	0	0	0	0	0	0	0.0%	0.0%
159	Kennesaw St.	-0.2	-0.2	0	1	0.000	1	0	0	0	0	0	0	0	0.1%	0.0%
160	Texas A&M Corpus Chris	-0.2	-0.1	0	2	0.000	2	0	0	0	0	0	0	0	0.2%	0.0%
161	Troy	-0.3	-0.3	0	2	0.000	2	0	0	0	0	0	0	0	0.0%	0.0%
162	Robert Morris	-0.3	-0.3	0	4	0.000	4	0	0	0	0	0	0	0	0.0%	0.0%
163	Northern Arizona	-0.3	-0.1	0	1	0.000	1	0	0	0	0	0	0	0	0.1%	0.0%
164	Fresno St.	-0.3	-0.4	1	3	0.250	3	1	0	0	0	0	0	0	2.1%	0.1%
165	DePaul	-0.3	-0.5	1	2	0.333	2	1	0	0	0	0	0	0	2.0%	0.1%
166	Northeastern	-0.3	-0.4	0	2	0.000	2	0	0	0	0	0	0	0	0.0%	0.0%
167	North Carolina Central	-0.3	-0.2	0	1	0.000	1	0	0	0	0	0	0	0	0.3%	0.0%
168	Miami OH	-0.3	-0.2	0	1	0.000	1	0	0	0	0	0	0	0	0.1%	0.0%
169	Troy St.	-0.3	-0.2	0	1	0.000	1	0	0	0	0	0	0	0	0.1%	0.0%
170	LIU	-0.3	-0.1	0	2	0.000	2	0	0	0	0	0	0	0	0.1%	0.0%
171	Portland St.	-0.3	-0.3	0	2	0.000	2	0	0	0	0	0	0	0	0.0%	0.0%
172	Niagara	-0.3	-0.2	0	2	0.000	2	0	0	0	0	0	0	0	0.0%	0.0%
173	Sam Houston St.	-0.3	-0.3	0	2	0.000	2	0	0	0	0	0	0	0	0.2%	0.0%
174	Austin Peay	-0.3	-0.4	0	3	0.000	3	0	0	0	0	0	0	0	0.0%	0.0%
175	Eastern Kentucky	-0.3	-0.2	0	3	0.000	3	0	0	0	0	0	0	0	0.1%	0.0%
Rk	team	PAKE	PASE	Wins	Loss	W%	R64	R32	S16	E8	F4	F2	Champ	Top2	F4%	Champ%
176	Central Connecticut	-0.3	-0.3	0	3	0.000	3	0	0	0	0	0	0	0	0.0%	0.0%
177	Delaware	-0.3	-0.3	0	2	0.000	2	0	0	0	0	0	0	0	0.1%	0.0%
178	Cal St. Fullerton	-0.3	-0.4	0	3	0.000	3	0	0	0	0	0	0	0	0.1%	0.0%
179	Cal St. Northridge	-0.3	-0.3	0	2	0.000	2	0	0	0	0	0	0	0	0.1%	0.0%
180	UNC Asheville	-0.3	-0.2	0	5	0.000	5	0	0	0	0	0	0	0	0.1%	0.0%
181	Wright St.	-0.4	-0.3	0	3	0.000	3	0	0	0	0	0	0	0	0.2%	0.0%
182	Montana St.	-0.4	-0.3	0	2	0.000	2	0	0	0	0	0	0	0	0.2%	0.0%
183	Massachusetts	-0.4	-1.1	0	1	0.000	1	0	0	0	0	0	0	0	0.5%	0.0%
184	Southern Miss	-0.4	-0.6	0	1	0.000	1	0	0	0	0	0	0	0	0.3%	0.0%
185	UNC Greensboro	-0.4	-0.5	0	3	0.000	3	0	0	0	0	0	0	0	0.2%	0.0%
186	Memphis	-0.4	-1.5	17	13	0.567	13	8	4	3	1	1	0	4	82.8%	39.3%
187	Samford	-0.5	-0.5	0	2	0.000	2	0	0	0	0	0	0	0	0.1%	0.0%
188	UC San Diego	-0.5	-0.5	0	1	0.000	1	0	0	0	0	0	0	0	0.6%	0.0%
189	Illinois Chicago	-0.5	-0.3	0	2	0.000	2	0	0	0	0	0	0	0	0.7%	0.0%
190	American	-0.5	-0.4	0	3	0.000	3	0	0	0	0	0	0	0	0.2%	0.0%
191	Ball St.	-0.5	-0.7	0	1	0.000	1	0	0	0	0	0	0	0	0.4%	0.0%
192	Hofstra	-0.5	-0.4	0	2	0.000	2	0	0	0	0	0	0	0	0.3%	0.0%
193	Hawaii	-0.5	-0.4	1	3	0.250	3	1	0	0	0	0	0	0	1.8%	0.1%
194	Indiana	-0.6	-1.0	15	13	0.536	13	8	4	1	1	1	0	1	64.1%	17.1%
195	Northern Iowa	-0.6	-0.3	4	7	0.364	7	3	1	0	0	0	0	0	15.0%	1.8%
196	South Alabama	-0.6	-0.8	0	2	0.000	2	0	0	0	0	0	0	0	0.6%	0.0%
197	Eastern Washington	-0.6	-0.5	0	3	0.000	3	0	0	0	0	0	0	0	0.1%	0.0%
198	Chattanooga	-0.6	-0.9	0	4	0.000	4	0	0	0	0	0	0	0	0.3%	0.0%
199	Montana	-0.6	-0.7	1	9	0.100	9	1	0	0	0	0	0	0	1.0%	0.0%
200	VCU	-0.7	-1.6	8	14	0.364	14	5	1	1	1	0	0	0	23.3%	2.6%
Rk	team	PAKE	PASE	Wins	Loss	W%	R64	R32	S16	E8	F4	F2	Champ	Top2	F4%	Champ%
201	Weber St.	-0.7	-0.7	0	4	0.000	4	0	0	0	0	0	0	0	0.4%	0.0%
202	Saint Louis	-0.7	-1.2	3	5	0.375	5	3	0	0	0	0	0	0	11.3%	1.7%
203	Albany	-0.8	-0.5	0	5	0.000	5	0	0	0	0	0	0	0	0.2%	0.0%
204	Air Force	-0.8	-0.9	0	2	0.000	2	0	0	0	0	0	0	0	1.9%	0.1%
205	Western Michigan	-0.8	-0.8	0	2	0.000	2	0	0	0	0	0	0	0	1.5%	0.1%
206	Charleston	-0.8	-1.0	0	3	0.000	3	0	0	0	0	0	0	0	0.8%	0.0%
207	East Tennessee St.	-0.9	-0.6	0	5	0.000	5	0	0	0	0	0	0	0	0.7%	0.0%
208	Holy Cross	-0.9	-0.5	0	5	0.000	5	0	0	0	0	0	0	0	0.7%	0.0%
209	Boston College	-0.9	-2.4	6	7	0.462	7	5	1	0	0	0	0	0	20.3%	2.6%
210	Long Beach St.	-0.9	-1.1	0	3	0.000	3	0	0	0	0	0	0	0	1.7%	0.2%
211	Colgate	-1.0	-0.7	0	5	0.000	5	0	0	0	0	0	0	0	0.5%	0.0%
212	San Francisco	-1.0	-0.6	0	1	0.000	1	0	0	0	0	0	0	0	3.3%	0.3%
213	Colorado St.	-1.0	-1.7	2	6	0.250	6	2	0	0	0	0	0	0	5.1%	0.4%
214	Oklahoma	-1.0	-2.8	21	16	0.568	16	10	5	4	2	0	0	4	78.8%	22.3%
215	Winthrop	-1.0	-1.1	1	8	0.111	8	1	0	0	0	0	0	0	2.1%	0.1%
216	Charlotte	-1.0	-1.7	1	4	0.200	4	1	0	0	0	0	0	0	2.9%	0.2%
217	Louisiana	-1.2	-1.0	0	5	0.000	5	0	0	0	0	0	0	0	1.3%	0.0%
218	Akron	-1.2	-1.5	0	6	0.000	6	0	0	0	0	0	0	0	0.5%	0.0%
219	Boise St.	-1.2	-1.5	0	3	0.000	3	0	0	0	0	0	0	0	2.0%	0.2%
220	UC Santa Barbara	-1.2	-1.0	0	5	0.000	5	0	0	0	0	0	0	0	0.5%	0.0%
221	Seton Hall	-1.2	-1.6	4	8	0.333	8	3	1	0	0	0	0	0	12.5%	1.4%
222	Wofford	-1.3	-1.0	1	6	0.143	6	1	0	0	0	0	0	0	3.6%	0.2%
223	Vermont	-1.3	-0.5	1	10	0.091	10	1	0	0	0	0	0	0	2.1%	0.0%
224	Old Dominion	-1.3	-1.4	1	5	0.167	5	1	0	0	0	0	0	0	5.4%	0.4%
225	George Washington	-1.3	-1.5	1	4	0.200	4	1	0	0	0	0	0	0	4.6%	0.3%
Rk	team	PAKE	PASE	Wins	Loss	W%	R64	R32	S16	E8	F4	F2	Champ	Top2	F4%	Champ%
226	Nebraska	-1.3	-1.4	0	2	0.000	2	0	0	0	0	0	0	0	3.2%	0.3%
227	Utah	-1.5	-0.6	7	8	0.467	8	4	2	0	0	0	0	0	28.3%	4.3%
228	UNLV	-1.5	-2.8	3	7	0.300	7	2	1	0	0	0	0	0	10.2%	1.0%
229	Valparaiso	-1.5	-0.8	0	5	0.000	5	0	0	0	0	0	0	0	1.6%	0.1%
230	TCU	-1.6	-1.3	2	4	0.333	4	2	0	0	0	0	0	0	8.8%	0.8%
231	Iona	-1.6	-1.5	0	10	0.000	10	0	0	0	0	0	0	0	1.2%	0.0%
232	UTEP	-1.6	-1.4	0	3	0.000	3	0	0	0	0	0	0	0	4.1%	0.3%
233	Colorado	-1.6	-2.0	3	7	0.300	7	3	0	0	0	0	0	0	17.6%	2.1%
234	Davidson	-1.7	-0.3	3	9	0.250	9	1	1	1	0	0	0	0	12.0%	2.3%
235	UNC Wilmington	-1.7	-1.5	1	7	0.125	7	1	0	0	0	0	0	0	6.2%	0.4%
236	South Dakota St.	-1.7	-1.8	0	7	0.000	7	0	0	0	0	0	0	0	2.1%	0.0%
237	Tennessee	-1.7	-0.4	24	16	0.600	16	12	9	3	0	0	0	5	83.6%	28.6%
238	Saint Joseph's	-1.7	-1.8	5	6	0.455	6	3	1	1	0	0	0	1	38.1%	10.0%
239	Arizona St.	-1.7	-1.6	2	5	0.286	5	2	0	0	0	0	0	0	10.7%	1.7%
240	St. Bonaventure	-1.9	-1.9	0	4	0.000	4	0	0	0	0	0	0	0	3.3%	0.2%
241	Vanderbilt	-2.0	-3.7	5	8	0.385	8	3	2	0	0	0	0	0	18.6%	2.4%
242	Creighton	-2.0	-1.4	13	16	0.448	16	9	3	1	0	0	0	0	44.8%	7.5%
243	Missouri	-2.1	-2.1	10	13	0.435	13	6	2	2	0	0	0	1	43.2%	8.6%
244	Minnesota	-2.1	-2.4	2	6	0.250	6	2	0	0	0	0	0	0	9.8%	1.0%
245	New Mexico St.	-2.2	-2.3	1	10	0.091	10	1	0	0	0	0	0	0	2.6%	0.0%
246	Drake	-2.2	-2.6	1	5	0.167	5	1	0	0	0	0	0	0	10.2%	1.0%
247	Penn	-2.3	-2.1	0	7	0.000	7	0	0	0	0	0	0	0	2.8%	0.1%
248	Virginia Tech	-2.4	-2.3	3	6	0.333	6	2	1	0	0	0	0	0	20.8%	2.7%
249	Temple	-2.5	-2.5	6	9	0.400	9	4	1	1	0	0	0	1	43.6%	10.4%
250	SMU	-2.6	-2.1	0	2	0.000	2	0	0	0	0	0	0	0	13.6%	2.5%
Rk	team	PAKE	PASE	Wins	Loss	W%	R64	R32	S16	E8	F4	F2	Champ	Top2	F4%	Champ%
251	California	-2.6	-3.0	4	8	0.333	8	4	0	0	0	0	0	0	15.9%	1.6%
252	Belmont	-2.6	-2.1	0	8	0.000	8	0	0	0	0	0	0	0	6.4%	0.5%
253	Marquette	-2.8	-4.0	16	16	0.500	16	8	5	2	1	0	0	2	61.8%	12.6%
254	Oklahoma St.	-2.8	-3.2	12	13	0.480	13	6	3	2	1	0	0	2	57.9%	17.0%
255	Georgia	-2.9	-3.5	1	6	0.143	6	1	0	0	0	0	0	0	9.7%	0.8%
256	St. John's	-2.9	-4.9	2	5	0.286	5	2	0	0	0	0	0	2	17.0%	1.6%
257	Georgetown	-3.1	-4.3	11	10	0.524	10	6	3	1	1	0	0	3	63.1%	19.0%
258	Illinois	-3.2	-2.6	23	16	0.590	16	13	5	3	1	1	0	3	91.4%	48.6%
259	Providence	-3.4	-3.9	3	8	0.273	8	2	1	0	0	0	0	0	16.8%	1.4%
260	Stanford	-3.4	-5.1	11	9	0.550	9	7	3	1	0	0	0	3	78.6%	33.0%
261	Clemson	-3.4	-2.7	5	8	0.385	8	2	2	1	0	0	0	0	28.3%	3.7%
262	Wake Forest	-3.5	-4.2	6	7	0.462	7	5	1	0	0	0	0	2	48.4%	8.7%
263	New Mexico	-3.5	-4.5	3	7	0.300	7	3	0	0	0	0	0	0	21.3%	2.1%
264	Iowa St.	-4.2	-3.9	16	14	0.533	14	10	5	1	0	0	0	3	67.8%	15.7%
265	Saint Mary's	-4.5	-3.2	6	11	0.353	11	5	1	0	0	0	0	0	34.6%	6.1%
266	Texas	-5.0	-4.5	24	21	0.533	21	13	6	4	1	0	0	4	87.1%	31.2%
267	Ohio St.	-5.1	-4.9	23	16	0.590	16	12	5	3	2	1	0	7	93.4%	53.6%
268	Mississippi St.	-5.1	-5.4	4	9	0.308	9	4	0	0	0	0	0	1	33.1%	5.2%
269	Iowa	-5.1	-4.9	5	9	0.357	9	5	0	0	0	0	0	1	40.3%	8.8%
270	Utah St.	-5.6	-4.7	2	13	0.133	13	2	0	0	0	0	0	0	17.5%	2.1%
271	Pittsburgh	-6.2	-5.2	17	14	0.548	14	11	5	1	0	0	0	3	88.1%	42.6%
272	BYU	-6.5	-5.3	5	13	0.278	13	3	2	0	0	0	0	0	39.4%	6.7%
273	Cincinnati	-7.4	-7.4	12	15	0.444	15	10	2	0	0	0	0	3	78.3%	32.2%
274	Virginia	-8.3	-9.3	14	10	0.583	11	6	3	2	1	1	1	5	93.4%	52.1%
